19.553474321806874
0.17441780067154408
0.2460232404378433
0.038021753879528275
0.09876699926968502
0.18518832619583678
0.26116917379335974
0.20568738197202333
0.15818179657486592
0.07303095844118804
0.05105830852134983
6.782783688479605
0.06588715985255415
0.047133945818406534
0.122340184177661
0.06315874195681202
0.07516302445474855
0.06001439023020047
0.08176880993228382
0.05956064423288837
0.2011261543514241
0.18850337284524668
0.18093391729722955
0.14949310090014564
0.19319694304839524
0.13369625810800884
0.2583748546932461
3.333953812978864
7.110395860972226
53.04529843522452
16.60878506268177
0.12034316161568147
66.58677352024787
55.416062392235325
70.75054395502296
67.89071797741641
66.90892399538475
55.069455007843324
58.024414235524425
56.09719347297187
54.41402539681168
55.39676954456866
56.29013005224561
64.57773263125144
42.556670714369055
